move_to_spot:
  ros__parameters:
    spot_1:
       x : 1.0838134288787842
       y : 3.0029022693634033
       z : 0.0
       ox : 0.0
       oy : 0.0
       oz : 0.7073882231516403
       ow : 0.7068252271575804
    table:
       x : 6.3849945068359375
       y : 1.2391571998596191
       z : 0.0
       ox : 0.0
       oy : 0.0
       oz : 0.00039813307829368686
       ow : 0.9999999207450229
    mail_box:
       x : 4.086363315582275
       y : -0.3820062279701233
       z : 0.0
       ox : 0.0
       oy : 0.0
       oz : -0.999999920745325
       ow : 0.00039813231925115263