image: map_speeds.pgm
resolution: 0.050000
origin: [-7.000, -10.500000, 0.000000]
negate: 0
mode: scale
occupied_thresh: 1.0
free_thresh: 0.0

# -3.071 3.583
