%YAML:1.0
---
camera_matrix: !!opencv-matrix
   rows: 3
   cols: 3
   dt: d
   data: [ 1.9070747252708261e+02, 0., 3.1960644550610039e+02, 0.,
       1.9071935939997095e+02, 2.3925952740427326e+02, 0., 0., 1. ]
dist_coeffs: !!opencv-matrix
   rows: 4
   cols: 1
   dt: d
   data: [ 3.3058075575704247e-02, -3.2144275426810101e-02,
       6.3474955000490454e-02, -4.0076275254592432e-02 ]
resolution: !!opencv-matrix
   rows: 2
   cols: 1
   dt: i
   data: [ 640, 480 ]
project_matrix: !!opencv-matrix
   rows: 3
   cols: 3
   dt: d
   data: [ -5.5978687464289079e-01, -2.5947992077432769e+00,
       6.7083874866250630e+02, -4.8397721982915325e-03,
       -2.5811014899814277e+00, 5.8259194385907460e+02,
       -6.0246870475608009e-05, -5.1912334202990984e-03, 1. ]
scale_xy: !!opencv-matrix
   rows: 2
   cols: 1
   dt: f
   data: [ 6.99999988e-01, 6.99999988e-01 ]
shift_xy: !!opencv-matrix
   rows: 2
   cols: 1
   dt: f
   data: [ 0., -50. ]
